%% 写入预处理信息，将会创建一个板和许多球粒子。粒子周围可设置Cohesive层。各部件都创建了set。
%% 请在Abaqus中手动Merge
model_name = '';
python_script = 'abaqus_partition.py';

% 板材尺寸
plate_width = 0.1;
plate_height = 0.1;

% cohesive的厚度
dr = 0.001;

% 孔的坐标和直径 (x, y, d)
particles = [0.0711324	0.002053525	0.00408511
0.015916063	0.010665429	0.003511663
0.035008781	0.039979353	0.002931301
0.042298759	0.067652514	0.004694084
0.086668974	0.004167117	0.003022261
0.042173093	0.055554855	0.005352338
0.020625859	0.079261865	0.002701935
0.03261884	0.067916523	0.006841308
0.086942308	0.011152646	0.006381946
0.017707855	0.086984124	0.002195274
0.042307341	0.094648014	0.002491734
0.068292446	0.032412335	0.004665826
0.081644712	0.004445729	0.005432505
0.096074805	0.073389434	0.005750722
0.077943741	0.011672513	0.00340222
0.089127323	0.030236381	0.004239468
0.014275143	0.003589534	0.003438877
0.022718341	0.027819349	0.005394178
0.007327304	0.057081354	0.004457866
0.058686424	0.069429768	0.002733643
0.051409716	0.092094688	0.005318973
0.079910285	0.040043586	0.002696382
0.091542389	0.035206917	0.002826771
0.071299392	0.086125043	0.005754061
0.073809829	0.035663227	0.005118361
0.088262546	0.043049988	0.003349639
0.065228792	0.061339096	0.0068242
0.093792062	0.045120126	0.00257373
0.04126307	0.024989148	0.004891948
0.056887787	0.003526776	0.006516898
0.033546126	0.0525682	0.005085725
0.03664469	0.088226752	0.00642971
0.00405957	0.090746379	0.005116801
0.097019645	0.019021264	0.005454485
0.092097734	0.069153226	0.002685679
0.074951076	0.074796087	0.002330001
0.069753214	0.01491259	0.006615123
0.003615772	0.003820922	0.002099401
0.084839525	0.053757641	0.003231055
0.058284696	0.095364866	0.003395918
0.004177701	0.078618682	0.004805151
0.073150922	0.055268714	0.006317709
0.007172191	0.013150007	0.002682276
0.011621859	0.023180616	0.002222759
0.095624921	0.056649338	0.002359871
0.025979675	0.073647093	0.003016466
0.025606602	0.049415812	0.006234144
0.08122036	0.017429427	0.005099779
0.007902107	0.048663089	0.002092881
0.056538708	0.032655209	0.005031647
0.057420844	0.038846307	0.006943081
0.073366941	0.066118631	0.004754741
0.008075246	0.037440338	0.003324598
0.026590619	0.079764561	0.002332682
0.063532284	0.05239383	0.002967171
0.027897609	0.0094712	0.00662404
0.004632172	0.02520532	0.00665986
0.092618882	0.092728965	0.005083892
0.089572679	0.063479472	0.004783266
0.048654404	0.060019018	0.003950039
0.014468259	0.050551316	0.002631648
0.093852868	0.082022111	0.002107624
0.018291549	0.033554841	0.002075095
0.080127376	0.034885887	0.002654984
0.057651879	0.085344821	0.006700537
0.078447446	0.029585807	0.004731734
0.043697091	0.079209268	0.004967407
0.087883813	0.057507287	0.003576224
0.077952155	0.060875981	0.002920051
0.095538699	0.060065008	0.003882902
0.057012106	0.06202069	0.006144229
0.05838568	0.074145131	0.003427881
0.038711854	0.041460576	0.00425437
0.03247021	0.061703357	0.004007398
0.095413343	0.067041996	0.004151236
0.042889474	0.034803465	0.002992849
0.085724325	0.087965912	0.005988194
0.028241847	0.026552494	0.005313599
0.052597569	0.078320202	0.00627449
0.056482676	0.046771737	0.00585442
0.085224162	0.067699674	0.006059293
0.017740575	0.04684855	0.004847472
0.023528458	0.058906501	0.00372586
0.012367582	0.020305072	0.003285591
0.071830407	0.022131962	0.004497921
0.084027712	0.041857536	0.003240168
0.047818777	0.01685768	0.004579285
0.035328246	0.07812802	0.005161517
0.077078705	0.096972124	0.004230731
0.035956814	0.003890236	0.00267714
0.07048611	0.046575801	0.002161615
0.043033724	0.011843113	0.00240737
0.078730327	0.068662801	0.005168934
0.008984261	0.00314201	0.002717115
0.045955031	0.012236507	0.002333625
0.074941021	0.039709954	0.002138917
0.045513426	0.045294912	0.005734692
0.014761388	0.061155757	0.005869372
0.08780132	0.077597151	0.006755969
0.061889678	0.089388617	0.002938158
0.069644992	0.07156908	0.006949776
0.013036779	0.080364757	0.002867151
0.096527746	0.027492988	0.003552936
0.006234931	0.070235987	0.006694432
0.002627843	0.057410748	0.003450484
0.025783458	0.037661238	0.004132374
0.032019878	0.0184967	0.003136549
0.035634356	0.007854509	0.004871095
0.065894306	0.049733655	0.003144068
0.018966702	0.05674664	0.00459508
0.010236449	0.007476895	0.002162132
0.038073965	0.095510647	0.004258666
0.003448246	0.03594509	0.004384412
0.050435817	0.066765563	0.003562507
0.03016724	0.075809251	0.005736604
0.020819191	0.015349503	0.003070561
0.021686034	0.090415203	0.003158512
0.043930034	0.089731088	0.00617427
0.018323784	0.022306375	0.006880218
0.040818319	0.016143217	0.004155909
0.020632037	0.063577044	0.005646595
0.072355256	0.092982323	0.003477411
0.07705339	0.007446268	0.004127807
0.009480172	0.089046728	0.003500405
0.021426475	0.00874656	0.002660806
0.076935593	0.088842657	0.002015564
0.015077199	0.029734998	0.003433558
0.033305357	0.045952175	0.005069355
0.06684478	0.023186658	0.003728494
0.050442638	0.049816906	0.005833873
0.051666096	0.02149788	0.006713813
0.032637808	0.093549572	0.002388573
0.081613116	0.085382596	0.002044696
0.015038862	0.090906937	0.00438931
0.067595588	0.040216577	0.00409289
0.020361101	0.094393092	0.00452871
0.011722379	0.015666149	0.003471078
0.095604897	0.032756874	0.00403461
0.061206782	0.026762381	0.006287422
0.069016218	0.02770976	0.003651385
0.015778231	0.070872913	0.003709764
0.024219201	0.042876463	0.005461801
0.085817674	0.019839954	0.004570875
0.03468642	0.026856574	0.002807554
0.063528886	0.056385074	0.002758624
0.009356952	0.095880207	0.006623521
0.062053222	0.005946245	0.002537544
0.038736788	0.047104866	0.004169417
0.087059351	0.036186266	0.004763838
0.089775321	0.005826712	0.003227593
0.056964156	0.018735596	0.002155485
0.095613304	0.085557709	0.005154796
0.042006817	0.003694599	0.00236006
0.040077058	0.038355925	0.002083578
0.012184051	0.064862769	0.002082879
0.086107386	0.026401307	0.004233175
0.056873047	0.052478795	0.00393002
0.086522129	0.094039805	0.002380119
0.074750832	0.047123659	0.005758539
0.068961858	0.066662692	0.002185563
0.061210443	0.043544039	0.004560305
0.064625879	0.08024428	0.006365341
0.042347285	0.085540025	0.002316717
0.025096088	0.093241922	0.004432204
0.083336225	0.061520668	0.002652553
0.03073977	0.003123793	0.002060484
0.025112834	0.019776109	0.006520515
0.012464837	0.037656841	0.002497203
0.046282136	0.020816239	0.003175388
0.097382309	0.038464826	0.00368373
0.037338317	0.013235464	0.00237287
0.017256106	0.040187236	0.006649778
0.082826629	0.073781045	0.002590963
0.06636611	0.003333302	0.005075079
0.019403808	0.083436431	0.002874483
0.028171533	0.053412633	0.002026583
0.028210431	0.090928624	0.002373657
0.096203585	0.010317031	0.002073719
0.033512985	0.031937644	0.005982793
0.001710434	0.031696686	0.002287918
0.029855931	0.035929714	0.002278492
0.047851097	0.029324812	0.006768385
0.063688528	0.012879803	0.004515026
0.020575537	0.068562778	0.002826592
0.095354847	0.004083005	0.006316132
0.049039639	0.005480368	0.002050862
0.029506594	0.01470241	0.003766972
0.062873586	0.065749156	0.002715949
0.025045399	0.067906557	0.003957152
0.027037509	0.00254929	0.00207391
0.079443362	0.079944972	0.002135794
0.081335346	0.050551344	0.004601568
0.009483839	0.062194416	0.00253907
0.073392259	0.029653407	0.004031442
0.064603848	0.037538728	0.003290648
0.013712855	0.077033136	0.002863637
0.024723653	0.087073809	0.002197058
0.061555068	0.018786607	0.003072324
0.046732743	0.071828479	0.006948535
0.071148353	0.007447126	0.005204038
0.036004918	0.021219707	0.004638108
0.037107978	0.058104225	0.004308997
0.055382948	0.01051937	0.002527535
0.065970099	0.04553998	0.00433775
0.009143036	0.042854361	0.003795597
0.046436885	0.033843224	0.002227491
0.094951458	0.05088498	0.003168672
0.085533024	0.044915999	0.002420432
0.072532769	0.078223092	0.004808931
0.05096091	0.034835336	0.002922478
0.008016601	0.020775093	0.003020612
